<?xml version='1.0' encoding='UTF-8' ?>
<svg xmlns='http://www.w3.org/2000/svg' xmlns:xlink='http://www.w3.org/1999/xlink' width='324.00pt' height='259.20pt' viewBox='0 0 324.00 259.20'>
<g class='svglite'>
<defs>
  <style type='text/css'><![CDATA[
    .svglite line, .svglite polyline, .svglite polygon, .svglite path, .svglite rect, .svglite circle {
      fill: none;
      stroke: #000000;
      stroke-linecap: round;
      stroke-linejoin: round;
      stroke-miterlimit: 10.00;
    }
    .svglite text {
      white-space: pre;
    }
    .svglite g.glyphgroup path {
      fill: inherit;
      stroke: none;
    }
  ]]></style>
</defs>
<rect width='100%' height='100%' style='stroke: none; fill: #FFFFFF;'/>
<defs>
  <clipPath id='cpMC4wMHwzMjQuMDB8MC4wMHwyNTkuMjA='>
    <rect x='0.00' y='0.00' width='324.00' height='259.20' />
  </clipPath>
</defs>
<g clip-path='url(#cpMC4wMHwzMjQuMDB8MC4wMHwyNTkuMjA=)'>
<rect x='0.000000000000032' y='0.000000000000057' width='324.00' height='259.20' style='stroke-width: 1.07; stroke: #FFFFFF; fill: #FFFFFF;' />
</g>
<defs>
  <clipPath id='cpNS40OHwxMDYuMTd8MjIuMTN8MTI2Ljg2'>
    <rect x='5.48' y='22.13' width='100.69' height='104.73' />
  </clipPath>
</defs>
<g clip-path='url(#cpNS40OHwxMDYuMTd8MjIuMTN8MTI2Ljg2)'>
<rect x='5.48' y='22.13' width='100.69' height='104.73' style='stroke-width: 1.07; stroke: none; fill: #FFFFFF;' />
<polyline points='10.06,39.76 10.98,39.63 11.91,39.50 12.83,39.37 13.76,39.24 14.68,39.11 15.60,38.98 16.53,38.85 17.45,38.72 18.38,38.59 19.30,38.46 20.23,38.33 21.15,38.20 22.08,38.07 23.00,37.94 23.93,37.81 24.85,37.68 25.78,37.55 26.70,37.42 27.62,37.29 28.55,37.16 29.47,37.03 30.40,36.90 31.32,36.77 32.25,36.64 33.17,36.51 34.10,36.38 35.02,36.25 35.95,36.12 36.87,35.99 37.80,35.86 38.72,35.73 39.65,35.60 40.57,35.47 41.49,35.34 42.42,35.21 43.34,35.08 44.27,34.95 45.19,34.82 46.12,34.69 47.04,34.56 47.97,34.43 48.89,34.30 49.82,34.17 50.74,34.04 51.67,33.91 52.59,33.78 53.51,33.65 54.44,33.52 55.36,33.39 56.29,33.26 57.21,33.13 58.14,33.00 59.06,32.87 59.99,32.74 60.91,32.61 61.84,32.48 62.76,32.35 63.69,32.22 64.61,32.09 65.54,31.96 66.46,31.83 67.38,31.70 68.31,31.57 69.23,31.44 70.16,31.31 71.08,31.18 72.01,31.05 72.93,30.92 73.86,30.79 74.78,30.66 75.71,30.53 76.63,30.40 77.56,30.27 78.48,30.14 79.40,30.01 80.33,29.88 81.25,29.75 82.18,29.62 83.10,29.49 84.03,29.36 84.95,29.23 85.88,29.10 86.80,28.97 87.73,28.84 88.65,28.71 89.58,28.58 90.50,28.45 91.43,28.32 92.35,28.19 93.27,28.06 94.20,27.93 95.12,27.80 96.05,27.67 96.97,27.54 97.90,27.41 98.82,27.28 99.75,27.15 100.67,27.02 101.60,26.89 ' style='stroke-width: 1.07; stroke: #F8766D; stroke-linecap: butt;' />
<polyline points='10.06,39.76 10.64,40.59 11.22,41.43 11.80,42.26 12.38,43.09 12.96,43.92 13.54,44.75 14.12,45.58 14.70,46.42 15.28,47.25 15.86,48.08 16.44,48.91 17.02,49.74 17.60,50.57 18.18,51.41 18.76,52.24 19.34,53.07 19.92,53.90 20.50,54.73 21.08,55.56 21.66,56.40 22.24,57.23 22.82,58.06 23.40,58.89 23.98,59.72 24.56,60.55 25.14,61.39 25.72,62.22 26.29,63.05 26.87,63.88 27.45,64.71 28.03,65.54 28.61,66.38 29.19,67.21 29.77,68.04 30.35,68.87 30.93,69.70 31.51,70.53 32.09,71.37 32.67,72.20 33.25,73.03 33.83,73.86 34.41,74.69 34.99,75.52 35.57,76.36 36.15,77.19 36.73,78.02 37.31,78.85 37.89,79.68 38.47,80.51 39.05,81.35 39.63,82.18 40.21,83.01 40.79,83.84 41.37,84.67 41.95,85.51 42.53,86.34 43.11,87.17 43.69,88.00 44.27,88.83 44.85,89.66 45.43,90.50 46.01,91.33 46.59,92.16 47.17,92.99 47.75,93.82 48.33,94.65 48.91,95.49 49.49,96.32 50.07,97.15 50.65,97.98 51.23,98.81 51.81,99.64 52.39,100.48 52.97,101.31 53.55,102.14 54.13,102.97 54.71,103.80 55.29,104.63 55.87,105.47 56.45,106.30 57.03,107.13 57.61,107.96 58.19,108.79 58.77,109.62 59.35,110.46 59.93,111.29 60.51,112.12 61.09,112.95 61.67,113.78 62.25,114.61 62.83,115.45 63.41,116.28 63.99,117.11 64.57,117.94 65.15,118.77 65.73,119.60 66.31,120.44 66.89,121.27 67.47,122.10 ' style='stroke-width: 1.07; stroke: #F8766D; stroke-linecap: butt;' />
<polyline points='10.06,39.76 10.98,39.63 11.91,39.50 12.83,39.37 13.76,39.24 14.68,39.11 15.60,38.98 16.53,38.85 17.45,38.72 18.38,38.59 19.30,38.46 20.23,38.33 21.15,38.20 22.08,38.07 23.00,37.94 23.93,37.81 24.85,37.68 25.78,37.55 26.70,37.42 27.62,37.29 28.55,37.16 29.47,37.03 30.40,36.90 31.32,36.77 32.25,36.64 33.17,36.51 34.10,36.38 35.02,36.25 35.95,36.12 36.87,35.99 37.80,35.86 38.72,35.73 39.65,35.60 40.57,35.47 41.49,35.34 42.42,35.21 43.34,35.08 44.27,34.95 45.19,34.82 46.12,34.69 47.04,34.56 47.97,34.43 48.89,34.30 49.82,34.17 50.74,34.04 51.67,33.91 52.59,33.78 53.51,33.65 54.44,33.52 55.36,33.39 56.29,33.26 57.21,33.13 58.14,33.00 59.06,32.87 59.99,32.74 60.91,32.61 61.84,32.48 62.76,32.35 63.69,32.22 64.61,32.09 65.54,31.96 66.46,31.83 67.38,31.70 68.31,31.57 69.23,31.44 70.16,31.31 71.08,31.18 72.01,31.05 72.93,30.92 73.86,30.79 74.78,30.66 75.71,30.53 76.63,30.40 77.56,30.27 78.48,30.14 79.40,30.01 80.33,29.88 81.25,29.75 82.18,29.62 83.10,29.49 84.03,29.36 84.95,29.23 85.88,29.10 86.80,28.97 87.73,28.84 88.65,28.71 89.58,28.58 90.50,28.45 91.43,28.32 92.35,28.19 93.27,28.06 94.20,27.93 95.12,27.80 96.05,27.67 96.97,27.54 97.90,27.41 98.82,27.28 99.75,27.15 100.67,27.02 101.60,26.89 ' style='stroke-width: 1.07; stroke: #F8766D; stroke-linecap: butt;' />
<polyline points='101.60,26.89 101.25,27.85 100.91,28.81 100.56,29.78 100.22,30.74 99.87,31.70 99.53,32.66 99.18,33.62 98.84,34.58 98.49,35.55 98.15,36.51 97.80,37.47 97.46,38.43 97.12,39.39 96.77,40.35 96.43,41.32 96.08,42.28 95.74,43.24 95.39,44.20 95.05,45.16 94.70,46.13 94.36,47.09 94.01,48.05 93.67,49.01 93.32,49.97 92.98,50.93 92.63,51.90 92.29,52.86 91.94,53.82 91.60,54.78 91.26,55.74 90.91,56.70 90.57,57.67 90.22,58.63 89.88,59.59 89.53,60.55 89.19,61.51 88.84,62.47 88.50,63.44 88.15,64.40 87.81,65.36 87.46,66.32 87.12,67.28 86.77,68.24 86.43,69.21 86.09,70.17 85.74,71.13 85.40,72.09 85.05,73.05 84.71,74.01 84.36,74.98 84.02,75.94 83.67,76.90 83.33,77.86 82.98,78.82 82.64,79.78 82.29,80.75 81.95,81.71 81.60,82.67 81.26,83.63 80.91,84.59 80.57,85.56 80.23,86.52 79.88,87.48 79.54,88.44 79.19,89.40 78.85,90.36 78.50,91.33 78.16,92.29 77.81,93.25 77.47,94.21 77.12,95.17 76.78,96.13 76.43,97.10 76.09,98.06 75.74,99.02 75.40,99.98 75.05,100.94 74.71,101.90 74.37,102.87 74.02,103.83 73.68,104.79 73.33,105.75 72.99,106.71 72.64,107.67 72.30,108.64 71.95,109.60 71.61,110.56 71.26,111.52 70.92,112.48 70.57,113.44 70.23,114.41 69.88,115.37 69.54,116.33 69.19,117.29 68.85,118.25 68.51,119.21 68.16,120.18 67.82,121.14 67.47,122.10 ' style='stroke-width: 1.07; stroke: #F8766D; stroke-linecap: butt;' />
<polyline points='10.06,39.76 10.64,40.59 11.22,41.43 11.80,42.26 12.38,43.09 12.96,43.92 13.54,44.75 14.12,45.58 14.70,46.42 15.28,47.25 15.86,48.08 16.44,48.91 17.02,49.74 17.60,50.57 18.18,51.41 18.76,52.24 19.34,53.07 19.92,53.90 20.50,54.73 21.08,55.56 21.66,56.40 22.24,57.23 22.82,58.06 23.40,58.89 23.98,59.72 24.56,60.55 25.14,61.39 25.72,62.22 26.29,63.05 26.87,63.88 27.45,64.71 28.03,65.54 28.61,66.38 29.19,67.21 29.77,68.04 30.35,68.87 30.93,69.70 31.51,70.53 32.09,71.37 32.67,72.20 33.25,73.03 33.83,73.86 34.41,74.69 34.99,75.52 35.57,76.36 36.15,77.19 36.73,78.02 37.31,78.85 37.89,79.68 38.47,80.51 39.05,81.35 39.63,82.18 40.21,83.01 40.79,83.84 41.37,84.67 41.95,85.51 42.53,86.34 43.11,87.17 43.69,88.00 44.27,88.83 44.85,89.66 45.43,90.50 46.01,91.33 46.59,92.16 47.17,92.99 47.75,93.82 48.33,94.65 48.91,95.49 49.49,96.32 50.07,97.15 50.65,97.98 51.23,98.81 51.81,99.64 52.39,100.48 52.97,101.31 53.55,102.14 54.13,102.97 54.71,103.80 55.29,104.63 55.87,105.47 56.45,106.30 57.03,107.13 57.61,107.96 58.19,108.79 58.77,109.62 59.35,110.46 59.93,111.29 60.51,112.12 61.09,112.95 61.67,113.78 62.25,114.61 62.83,115.45 63.41,116.28 63.99,117.11 64.57,117.94 65.15,118.77 65.73,119.60 66.31,120.44 66.89,121.27 67.47,122.10 ' style='stroke-width: 1.07; stroke: #F8766D; stroke-linecap: butt;' />
<polyline points='101.60,26.89 101.25,27.85 100.91,28.81 100.56,29.78 100.22,30.74 99.87,31.70 99.53,32.66 99.18,33.62 98.84,34.58 98.49,35.55 98.15,36.51 97.80,37.47 97.46,38.43 97.12,39.39 96.77,40.35 96.43,41.32 96.08,42.28 95.74,43.24 95.39,44.20 95.05,45.16 94.70,46.13 94.36,47.09 94.01,48.05 93.67,49.01 93.32,49.97 92.98,50.93 92.63,51.90 92.29,52.86 91.94,53.82 91.60,54.78 91.26,55.74 90.91,56.70 90.57,57.67 90.22,58.63 89.88,59.59 89.53,60.55 89.19,61.51 88.84,62.47 88.50,63.44 88.15,64.40 87.81,65.36 87.46,66.32 87.12,67.28 86.77,68.24 86.43,69.21 86.09,70.17 85.74,71.13 85.40,72.09 85.05,73.05 84.71,74.01 84.36,74.98 84.02,75.94 83.67,76.90 83.33,77.86 82.98,78.82 82.64,79.78 82.29,80.75 81.95,81.71 81.60,82.67 81.26,83.63 80.91,84.59 80.57,85.56 80.23,86.52 79.88,87.48 79.54,88.44 79.19,89.40 78.85,90.36 78.50,91.33 78.16,92.29 77.81,93.25 77.47,94.21 77.12,95.17 76.78,96.13 76.43,97.10 76.09,98.06 75.74,99.02 75.40,99.98 75.05,100.94 74.71,101.90 74.37,102.87 74.02,103.83 73.68,104.79 73.33,105.75 72.99,106.71 72.64,107.67 72.30,108.64 71.95,109.60 71.61,110.56 71.26,111.52 70.92,112.48 70.57,113.44 70.23,114.41 69.88,115.37 69.54,116.33 69.19,117.29 68.85,118.25 68.51,119.21 68.16,120.18 67.82,121.14 67.47,122.10 ' style='stroke-width: 1.07; stroke: #F8766D; stroke-linecap: butt;' />
<circle cx='10.06' cy='39.76' r='4.27' style='stroke-width: 0.00; stroke: #FFFFFF; stroke-opacity: 0.80; fill: #FF69B4; fill-opacity: 0.80;' />
<circle cx='101.60' cy='26.89' r='4.98' style='stroke-width: 1.42; fill: #FF69B4;' />
<circle cx='67.47' cy='122.10' r='4.27' style='stroke-width: 0.00; stroke: #FFFFFF; stroke-opacity: 0.80; fill: #FF69B4; fill-opacity: 0.80;' />
</g>
<g clip-path='url(#cpMC4wMHwzMjQuMDB8MC4wMHwyNTkuMjA=)'>
</g>
<defs>
  <clipPath id='cpNS40OHwxMDYuMTd8MTQ4Ljk5fDI1My43Mg=='>
    <rect x='5.48' y='148.99' width='100.69' height='104.73' />
  </clipPath>
</defs>
<g clip-path='url(#cpNS40OHwxMDYuMTd8MTQ4Ljk5fDI1My43Mg==)'>
<rect x='5.48' y='148.99' width='100.69' height='104.73' style='stroke-width: 1.07; stroke: none; fill: #FFFFFF;' />
<polyline points='10.06,166.62 10.98,166.49 11.91,166.36 12.83,166.23 13.76,166.10 14.68,165.97 15.60,165.84 16.53,165.71 17.45,165.58 18.38,165.45 19.30,165.32 20.23,165.19 21.15,165.06 22.08,164.93 23.00,164.80 23.93,164.67 24.85,164.54 25.78,164.41 26.70,164.28 27.62,164.15 28.55,164.02 29.47,163.89 30.40,163.76 31.32,163.63 32.25,163.50 33.17,163.37 34.10,163.24 35.02,163.11 35.95,162.98 36.87,162.85 37.80,162.72 38.72,162.59 39.65,162.46 40.57,162.33 41.49,162.20 42.42,162.07 43.34,161.94 44.27,161.81 45.19,161.68 46.12,161.55 47.04,161.42 47.97,161.29 48.89,161.16 49.82,161.03 50.74,160.90 51.67,160.77 52.59,160.64 53.51,160.51 54.44,160.38 55.36,160.25 56.29,160.12 57.21,159.99 58.14,159.86 59.06,159.73 59.99,159.60 60.91,159.47 61.84,159.34 62.76,159.21 63.69,159.08 64.61,158.95 65.54,158.82 66.46,158.69 67.38,158.56 68.31,158.43 69.23,158.30 70.16,158.17 71.08,158.04 72.01,157.91 72.93,157.78 73.86,157.65 74.78,157.52 75.71,157.39 76.63,157.26 77.56,157.13 78.48,157.00 79.40,156.87 80.33,156.74 81.25,156.61 82.18,156.48 83.10,156.35 84.03,156.22 84.95,156.09 85.88,155.96 86.80,155.83 87.73,155.70 88.65,155.57 89.58,155.44 90.50,155.31 91.43,155.18 92.35,155.05 93.27,154.92 94.20,154.79 95.12,154.66 96.05,154.53 96.97,154.40 97.90,154.27 98.82,154.14 99.75,154.01 100.67,153.88 101.60,153.75 ' style='stroke-width: 1.07; stroke: #C77CFF; stroke-linecap: butt;' />
<polyline points='10.06,166.62 10.64,167.45 11.22,168.29 11.80,169.12 12.38,169.95 12.96,170.78 13.54,171.61 14.12,172.44 14.70,173.28 15.28,174.11 15.86,174.94 16.44,175.77 17.02,176.60 17.60,177.43 18.18,178.27 18.76,179.10 19.34,179.93 19.92,180.76 20.50,181.59 21.08,182.42 21.66,183.26 22.24,184.09 22.82,184.92 23.40,185.75 23.98,186.58 24.56,187.41 25.14,188.25 25.72,189.08 26.29,189.91 26.87,190.74 27.45,191.57 28.03,192.40 28.61,193.24 29.19,194.07 29.77,194.90 30.35,195.73 30.93,196.56 31.51,197.39 32.09,198.23 32.67,199.06 33.25,199.89 33.83,200.72 34.41,201.55 34.99,202.38 35.57,203.22 36.15,204.05 36.73,204.88 37.31,205.71 37.89,206.54 38.47,207.38 39.05,208.21 39.63,209.04 40.21,209.87 40.79,210.70 41.37,211.53 41.95,212.37 42.53,213.20 43.11,214.03 43.69,214.86 44.27,215.69 44.85,216.52 45.43,217.36 46.01,218.19 46.59,219.02 47.17,219.85 47.75,220.68 48.33,221.51 48.91,222.35 49.49,223.18 50.07,224.01 50.65,224.84 51.23,225.67 51.81,226.50 52.39,227.34 52.97,228.17 53.55,229.00 54.13,229.83 54.71,230.66 55.29,231.49 55.87,232.33 56.45,233.16 57.03,233.99 57.61,234.82 58.19,235.65 58.77,236.48 59.35,237.32 59.93,238.15 60.51,238.98 61.09,239.81 61.67,240.64 62.25,241.47 62.83,242.31 63.41,243.14 63.99,243.97 64.57,244.80 65.15,245.63 65.73,246.47 66.31,247.30 66.89,248.13 67.47,248.96 ' style='stroke-width: 1.07; stroke: #C77CFF; stroke-linecap: butt;' />
<polyline points='101.60,153.75 101.25,154.71 100.91,155.67 100.56,156.64 100.22,157.60 99.87,158.56 99.53,159.52 99.18,160.48 98.84,161.44 98.49,162.41 98.15,163.37 97.80,164.33 97.46,165.29 97.12,166.25 96.77,167.22 96.43,168.18 96.08,169.14 95.74,170.10 95.39,171.06 95.05,172.02 94.70,172.99 94.36,173.95 94.01,174.91 93.67,175.87 93.32,176.83 92.98,177.79 92.63,178.76 92.29,179.72 91.94,180.68 91.60,181.64 91.26,182.60 90.91,183.56 90.57,184.53 90.22,185.49 89.88,186.45 89.53,187.41 89.19,188.37 88.84,189.33 88.50,190.30 88.15,191.26 87.81,192.22 87.46,193.18 87.12,194.14 86.77,195.10 86.43,196.07 86.09,197.03 85.74,197.99 85.40,198.95 85.05,199.91 84.71,200.87 84.36,201.84 84.02,202.80 83.67,203.76 83.33,204.72 82.98,205.68 82.64,206.65 82.29,207.61 81.95,208.57 81.60,209.53 81.26,210.49 80.91,211.45 80.57,212.42 80.23,213.38 79.88,214.34 79.54,215.30 79.19,216.26 78.85,217.22 78.50,218.19 78.16,219.15 77.81,220.11 77.47,221.07 77.12,222.03 76.78,222.99 76.43,223.96 76.09,224.92 75.74,225.88 75.40,226.84 75.05,227.80 74.71,228.76 74.37,229.73 74.02,230.69 73.68,231.65 73.33,232.61 72.99,233.57 72.64,234.53 72.30,235.50 71.95,236.46 71.61,237.42 71.26,238.38 70.92,239.34 70.57,240.30 70.23,241.27 69.88,242.23 69.54,243.19 69.19,244.15 68.85,245.11 68.51,246.07 68.16,247.04 67.82,248.00 67.47,248.96 ' style='stroke-width: 1.07; stroke: #C77CFF; stroke-linecap: butt;' />
<circle cx='10.06' cy='166.62' r='4.27' style='stroke-width: 0.00; stroke: #FFFFFF; stroke-opacity: 0.80; fill: #FF69B4; fill-opacity: 0.80;' />
<circle cx='101.60' cy='153.75' r='4.98' style='stroke-width: 1.42; fill: #FF69B4;' />
<circle cx='67.47' cy='248.96' r='4.27' style='stroke-width: 0.00; stroke: #FFFFFF; stroke-opacity: 0.80; fill: #FF69B4; fill-opacity: 0.80;' />
</g>
<g clip-path='url(#cpMC4wMHwzMjQuMDB8MC4wMHwyNTkuMjA=)'>
</g>
<defs>
  <clipPath id='cpMTExLjY1fDIxMi4zNXwyMi4xM3wxMjYuODY='>
    <rect x='111.65' y='22.13' width='100.69' height='104.73' />
  </clipPath>
</defs>
<g clip-path='url(#cpMTExLjY1fDIxMi4zNXwyMi4xM3wxMjYuODY=)'>
<rect x='111.65' y='22.13' width='100.69' height='104.73' style='stroke-width: 1.07; stroke: none; fill: #FFFFFF;' />
<polyline points='116.23,39.76 117.15,39.63 118.08,39.50 119.00,39.37 119.93,39.24 120.85,39.11 121.78,38.98 122.70,38.85 123.63,38.72 124.55,38.59 125.48,38.46 126.40,38.33 127.33,38.20 128.25,38.07 129.18,37.94 130.10,37.81 131.02,37.68 131.95,37.55 132.87,37.42 133.80,37.29 134.72,37.16 135.65,37.03 136.57,36.90 137.50,36.77 138.42,36.64 139.35,36.51 140.27,36.38 141.20,36.25 142.12,36.12 143.04,35.99 143.97,35.86 144.89,35.73 145.82,35.60 146.74,35.47 147.67,35.34 148.59,35.21 149.52,35.08 150.44,34.95 151.37,34.82 152.29,34.69 153.22,34.56 154.14,34.43 155.07,34.30 155.99,34.17 156.91,34.04 157.84,33.91 158.76,33.78 159.69,33.65 160.61,33.52 161.54,33.39 162.46,33.26 163.39,33.13 164.31,33.00 165.24,32.87 166.16,32.74 167.09,32.61 168.01,32.48 168.93,32.35 169.86,32.22 170.78,32.09 171.71,31.96 172.63,31.83 173.56,31.70 174.48,31.57 175.41,31.44 176.33,31.31 177.26,31.18 178.18,31.05 179.11,30.92 180.03,30.79 180.96,30.66 181.88,30.53 182.80,30.40 183.73,30.27 184.65,30.14 185.58,30.01 186.50,29.88 187.43,29.75 188.35,29.62 189.28,29.49 190.20,29.36 191.13,29.23 192.05,29.10 192.98,28.97 193.90,28.84 194.82,28.71 195.75,28.58 196.67,28.45 197.60,28.32 198.52,28.19 199.45,28.06 200.37,27.93 201.30,27.80 202.22,27.67 203.15,27.54 204.07,27.41 205.00,27.28 205.92,27.15 206.85,27.02 207.77,26.89 ' style='stroke-width: 1.07; stroke: #7CAE00; stroke-linecap: butt;' />
<polyline points='116.23,39.76 116.81,40.59 117.39,41.43 117.97,42.26 118.55,43.09 119.13,43.92 119.71,44.75 120.29,45.58 120.87,46.42 121.45,47.25 122.03,48.08 122.61,48.91 123.19,49.74 123.77,50.57 124.35,51.41 124.93,52.24 125.51,53.07 126.09,53.90 126.67,54.73 127.25,55.56 127.83,56.40 128.41,57.23 128.99,58.06 129.57,58.89 130.15,59.72 130.73,60.55 131.31,61.39 131.89,62.22 132.47,63.05 133.05,63.88 133.63,64.71 134.21,65.54 134.79,66.38 135.37,67.21 135.95,68.04 136.53,68.87 137.11,69.70 137.69,70.53 138.27,71.37 138.85,72.20 139.43,73.03 140.01,73.86 140.59,74.69 141.17,75.52 141.75,76.36 142.33,77.19 142.91,78.02 143.49,78.85 144.07,79.68 144.65,80.51 145.23,81.35 145.81,82.18 146.39,83.01 146.97,83.84 147.55,84.67 148.13,85.51 148.71,86.34 149.29,87.17 149.87,88.00 150.45,88.83 151.03,89.66 151.61,90.50 152.19,91.33 152.77,92.16 153.35,92.99 153.93,93.82 154.51,94.65 155.09,95.49 155.67,96.32 156.25,97.15 156.83,97.98 157.41,98.81 157.99,99.64 158.57,100.48 159.15,101.31 159.73,102.14 160.31,102.97 160.89,103.80 161.47,104.63 162.05,105.47 162.63,106.30 163.21,107.13 163.79,107.96 164.37,108.79 164.95,109.62 165.53,110.46 166.11,111.29 166.69,112.12 167.27,112.95 167.85,113.78 168.43,114.61 169.01,115.45 169.59,116.28 170.17,117.11 170.75,117.94 171.32,118.77 171.90,119.60 172.48,120.44 173.06,121.27 173.64,122.10 ' style='stroke-width: 1.07; stroke: #7CAE00; stroke-linecap: butt;' />
<polyline points='116.23,39.76 117.15,39.63 118.08,39.50 119.00,39.37 119.93,39.24 120.85,39.11 121.78,38.98 122.70,38.85 123.63,38.72 124.55,38.59 125.48,38.46 126.40,38.33 127.33,38.20 128.25,38.07 129.18,37.94 130.10,37.81 131.02,37.68 131.95,37.55 132.87,37.42 133.80,37.29 134.72,37.16 135.65,37.03 136.57,36.90 137.50,36.77 138.42,36.64 139.35,36.51 140.27,36.38 141.20,36.25 142.12,36.12 143.04,35.99 143.97,35.86 144.89,35.73 145.82,35.60 146.74,35.47 147.67,35.34 148.59,35.21 149.52,35.08 150.44,34.95 151.37,34.82 152.29,34.69 153.22,34.56 154.14,34.43 155.07,34.30 155.99,34.17 156.91,34.04 157.84,33.91 158.76,33.78 159.69,33.65 160.61,33.52 161.54,33.39 162.46,33.26 163.39,33.13 164.31,33.00 165.24,32.87 166.16,32.74 167.09,32.61 168.01,32.48 168.93,32.35 169.86,32.22 170.78,32.09 171.71,31.96 172.63,31.83 173.56,31.70 174.48,31.57 175.41,31.44 176.33,31.31 177.26,31.18 178.18,31.05 179.11,30.92 180.03,30.79 180.96,30.66 181.88,30.53 182.80,30.40 183.73,30.27 184.65,30.14 185.58,30.01 186.50,29.88 187.43,29.75 188.35,29.62 189.28,29.49 190.20,29.36 191.13,29.23 192.05,29.10 192.98,28.97 193.90,28.84 194.82,28.71 195.75,28.58 196.67,28.45 197.60,28.32 198.52,28.19 199.45,28.06 200.37,27.93 201.30,27.80 202.22,27.67 203.15,27.54 204.07,27.41 205.00,27.28 205.92,27.15 206.85,27.02 207.77,26.89 ' style='stroke-width: 1.07; stroke: #7CAE00; stroke-linecap: butt;' />
<polyline points='207.77,26.89 207.43,27.85 207.08,28.81 206.74,29.78 206.39,30.74 206.05,31.70 205.70,32.66 205.36,33.62 205.01,34.58 204.67,35.55 204.32,36.51 203.98,37.47 203.63,38.43 203.29,39.39 202.94,40.35 202.60,41.32 202.25,42.28 201.91,43.24 201.57,44.20 201.22,45.16 200.88,46.13 200.53,47.09 200.19,48.05 199.84,49.01 199.50,49.97 199.15,50.93 198.81,51.90 198.46,52.86 198.12,53.82 197.77,54.78 197.43,55.74 197.08,56.70 196.74,57.67 196.39,58.63 196.05,59.59 195.71,60.55 195.36,61.51 195.02,62.47 194.67,63.44 194.33,64.40 193.98,65.36 193.64,66.32 193.29,67.28 192.95,68.24 192.60,69.21 192.26,70.17 191.91,71.13 191.57,72.09 191.22,73.05 190.88,74.01 190.54,74.98 190.19,75.94 189.85,76.90 189.50,77.86 189.16,78.82 188.81,79.78 188.47,80.75 188.12,81.71 187.78,82.67 187.43,83.63 187.09,84.59 186.74,85.56 186.40,86.52 186.05,87.48 185.71,88.44 185.36,89.40 185.02,90.36 184.68,91.33 184.33,92.29 183.99,93.25 183.64,94.21 183.30,95.17 182.95,96.13 182.61,97.10 182.26,98.06 181.92,99.02 181.57,99.98 181.23,100.94 180.88,101.90 180.54,102.87 180.19,103.83 179.85,104.79 179.50,105.75 179.16,106.71 178.82,107.67 178.47,108.64 178.13,109.60 177.78,110.56 177.44,111.52 177.09,112.48 176.75,113.44 176.40,114.41 176.06,115.37 175.71,116.33 175.37,117.29 175.02,118.25 174.68,119.21 174.33,120.18 173.99,121.14 173.64,122.10 ' style='stroke-width: 1.07; stroke: #7CAE00; stroke-linecap: butt;' />
<circle cx='116.23' cy='39.76' r='4.27' style='stroke-width: 0.00; stroke: #FFFFFF; stroke-opacity: 0.80; fill: #FF69B4; fill-opacity: 0.80;' />
<circle cx='207.77' cy='26.89' r='4.98' style='stroke-width: 1.42; fill: #FF69B4;' />
<circle cx='173.64' cy='122.10' r='4.27' style='stroke-width: 0.00; stroke: #FFFFFF; stroke-opacity: 0.80; fill: #FF69B4; fill-opacity: 0.80;' />
</g>
<g clip-path='url(#cpMC4wMHwzMjQuMDB8MC4wMHwyNTkuMjA=)'>
</g>
<defs>
  <clipPath id='cpMjE3LjgzfDMxOC41MnwyMi4xM3wxMjYuODY='>
    <rect x='217.83' y='22.13' width='100.69' height='104.73' />
  </clipPath>
</defs>
<g clip-path='url(#cpMjE3LjgzfDMxOC41MnwyMi4xM3wxMjYuODY=)'>
<rect x='217.83' y='22.13' width='100.69' height='104.73' style='stroke-width: 1.07; stroke: none; fill: #FFFFFF;' />
<polyline points='222.40,39.76 223.33,39.63 224.25,39.50 225.18,39.37 226.10,39.24 227.03,39.11 227.95,38.98 228.88,38.85 229.80,38.72 230.73,38.59 231.65,38.46 232.57,38.33 233.50,38.20 234.42,38.07 235.35,37.94 236.27,37.81 237.20,37.68 238.12,37.55 239.05,37.42 239.97,37.29 240.90,37.16 241.82,37.03 242.75,36.90 243.67,36.77 244.60,36.64 245.52,36.51 246.44,36.38 247.37,36.25 248.29,36.12 249.22,35.99 250.14,35.86 251.07,35.73 251.99,35.60 252.92,35.47 253.84,35.34 254.77,35.21 255.69,35.08 256.62,34.95 257.54,34.82 258.46,34.69 259.39,34.56 260.31,34.43 261.24,34.30 262.16,34.17 263.09,34.04 264.01,33.91 264.94,33.78 265.86,33.65 266.79,33.52 267.71,33.39 268.64,33.26 269.56,33.13 270.49,33.00 271.41,32.87 272.33,32.74 273.26,32.61 274.18,32.48 275.11,32.35 276.03,32.22 276.96,32.09 277.88,31.96 278.81,31.83 279.73,31.70 280.66,31.57 281.58,31.44 282.51,31.31 283.43,31.18 284.35,31.05 285.28,30.92 286.20,30.79 287.13,30.66 288.05,30.53 288.98,30.40 289.90,30.27 290.83,30.14 291.75,30.01 292.68,29.88 293.60,29.75 294.53,29.62 295.45,29.49 296.38,29.36 297.30,29.23 298.22,29.10 299.15,28.97 300.07,28.84 301.00,28.71 301.92,28.58 302.85,28.45 303.77,28.32 304.70,28.19 305.62,28.06 306.55,27.93 307.47,27.80 308.40,27.67 309.32,27.54 310.24,27.41 311.17,27.28 312.09,27.15 313.02,27.02 313.94,26.89 ' style='stroke-width: 1.07; stroke: #00BFC4; stroke-linecap: butt;' />
<polyline points='222.40,39.76 222.98,40.59 223.56,41.43 224.14,42.26 224.72,43.09 225.30,43.92 225.88,44.75 226.46,45.58 227.04,46.42 227.62,47.25 228.20,48.08 228.78,48.91 229.36,49.74 229.94,50.57 230.52,51.41 231.10,52.24 231.68,53.07 232.26,53.90 232.84,54.73 233.42,55.56 234.00,56.40 234.58,57.23 235.16,58.06 235.74,58.89 236.32,59.72 236.90,60.55 237.48,61.39 238.06,62.22 238.64,63.05 239.22,63.88 239.80,64.71 240.38,65.54 240.96,66.38 241.54,67.21 242.12,68.04 242.70,68.87 243.28,69.70 243.86,70.53 244.44,71.37 245.02,72.20 245.60,73.03 246.18,73.86 246.76,74.69 247.34,75.52 247.92,76.36 248.50,77.19 249.08,78.02 249.66,78.85 250.24,79.68 250.82,80.51 251.40,81.35 251.98,82.18 252.56,83.01 253.14,83.84 253.72,84.67 254.30,85.51 254.88,86.34 255.46,87.17 256.04,88.00 256.62,88.83 257.20,89.66 257.78,90.50 258.36,91.33 258.94,92.16 259.52,92.99 260.10,93.82 260.68,94.65 261.26,95.49 261.84,96.32 262.42,97.15 263.00,97.98 263.58,98.81 264.16,99.64 264.74,100.48 265.32,101.31 265.90,102.14 266.48,102.97 267.06,103.80 267.64,104.63 268.22,105.47 268.80,106.30 269.38,107.13 269.96,107.96 270.54,108.79 271.12,109.62 271.70,110.46 272.28,111.29 272.86,112.12 273.44,112.95 274.02,113.78 274.60,114.61 275.18,115.45 275.76,116.28 276.34,117.11 276.92,117.94 277.50,118.77 278.08,119.60 278.66,120.44 279.24,121.27 279.82,122.10 ' style='stroke-width: 1.07; stroke: #00BFC4; stroke-linecap: butt;' />
<polyline points='313.94,26.89 313.60,27.85 313.25,28.81 312.91,29.78 312.56,30.74 312.22,31.70 311.88,32.66 311.53,33.62 311.19,34.58 310.84,35.55 310.50,36.51 310.15,37.47 309.81,38.43 309.46,39.39 309.12,40.35 308.77,41.32 308.43,42.28 308.08,43.24 307.74,44.20 307.39,45.16 307.05,46.13 306.70,47.09 306.36,48.05 306.02,49.01 305.67,49.97 305.33,50.93 304.98,51.90 304.64,52.86 304.29,53.82 303.95,54.78 303.60,55.74 303.26,56.70 302.91,57.67 302.57,58.63 302.22,59.59 301.88,60.55 301.53,61.51 301.19,62.47 300.84,63.44 300.50,64.40 300.16,65.36 299.81,66.32 299.47,67.28 299.12,68.24 298.78,69.21 298.43,70.17 298.09,71.13 297.74,72.09 297.40,73.05 297.05,74.01 296.71,74.98 296.36,75.94 296.02,76.90 295.67,77.86 295.33,78.82 294.99,79.78 294.64,80.75 294.30,81.71 293.95,82.67 293.61,83.63 293.26,84.59 292.92,85.56 292.57,86.52 292.23,87.48 291.88,88.44 291.54,89.40 291.19,90.36 290.85,91.33 290.50,92.29 290.16,93.25 289.81,94.21 289.47,95.17 289.13,96.13 288.78,97.10 288.44,98.06 288.09,99.02 287.75,99.98 287.40,100.94 287.06,101.90 286.71,102.87 286.37,103.83 286.02,104.79 285.68,105.75 285.33,106.71 284.99,107.67 284.64,108.64 284.30,109.60 283.95,110.56 283.61,111.52 283.27,112.48 282.92,113.44 282.58,114.41 282.23,115.37 281.89,116.33 281.54,117.29 281.20,118.25 280.85,119.21 280.51,120.18 280.16,121.14 279.82,122.10 ' style='stroke-width: 1.07; stroke: #00BFC4; stroke-linecap: butt;' />
<circle cx='222.40' cy='39.76' r='4.27' style='stroke-width: 0.00; stroke: #FFFFFF; stroke-opacity: 0.80; fill: #FF69B4; fill-opacity: 0.80;' />
<circle cx='313.94' cy='26.89' r='4.98' style='stroke-width: 1.42; fill: #FF69B4;' />
<circle cx='279.82' cy='122.10' r='4.27' style='stroke-width: 0.00; stroke: #FFFFFF; stroke-opacity: 0.80; fill: #FF69B4; fill-opacity: 0.80;' />
</g>
<g clip-path='url(#cpMC4wMHwzMjQuMDB8MC4wMHwyNTkuMjA=)'>
</g>
<defs>
  <clipPath id='cpNS40OHwxMDYuMTd8MTMyLjM0fDE0OC45OQ=='>
    <rect x='5.48' y='132.34' width='100.69' height='16.65' />
  </clipPath>
</defs>
<g clip-path='url(#cpNS40OHwxMDYuMTd8MTMyLjM0fDE0OC45OQ==)'>
<rect x='5.48' y='132.34' width='100.69' height='16.65' style='stroke-width: 2.13; fill: #FFFFFF;' />
<text x='55.83' y='143.69' text-anchor='middle' style='font-size: 8.80px;fill: #1A1A1A; font-family: "Liberation Sans";' textLength='50.67px' lengthAdjust='spacingAndGlyphs'>ONT positive</text>
</g>
<g clip-path='url(#cpMC4wMHwzMjQuMDB8MC4wMHwyNTkuMjA=)'>
</g>
<defs>
  <clipPath id='cpNS40OHwxMDYuMTd8NS40OHwyMi4xMw=='>
    <rect x='5.48' y='5.48' width='100.69' height='16.65' />
  </clipPath>
</defs>
<g clip-path='url(#cpNS40OHwxMDYuMTd8NS40OHwyMi4xMw==)'>
<rect x='5.48' y='5.48' width='100.69' height='16.65' style='stroke-width: 2.13; fill: #FFFFFF;' />
<text x='55.83' y='16.83' text-anchor='middle' style='font-size: 8.80px;fill: #1A1A1A; font-family: "Liberation Sans";' textLength='54.27px' lengthAdjust='spacingAndGlyphs'>Gene Sharing</text>
</g>
<g clip-path='url(#cpMC4wMHwzMjQuMDB8MC4wMHwyNTkuMjA=)'>
</g>
<defs>
  <clipPath id='cpMTExLjY1fDIxMi4zNXw1LjQ4fDIyLjEz'>
    <rect x='111.65' y='5.48' width='100.69' height='16.65' />
  </clipPath>
</defs>
<g clip-path='url(#cpMTExLjY1fDIxMi4zNXw1LjQ4fDIyLjEz)'>
<rect x='111.65' y='5.48' width='100.69' height='16.65' style='stroke-width: 2.13; fill: #FFFFFF;' />
<text x='162.00' y='16.83' text-anchor='middle' style='font-size: 8.80px;fill: #1A1A1A; font-family: "Liberation Sans";' textLength='86.48px' lengthAdjust='spacingAndGlyphs'>Integration (boundary)</text>
</g>
<g clip-path='url(#cpMC4wMHwzMjQuMDB8MC4wMHwyNTkuMjA=)'>
</g>
<defs>
  <clipPath id='cpMjE3LjgzfDMxOC41Mnw1LjQ4fDIyLjEz'>
    <rect x='217.83' y='5.48' width='100.69' height='16.65' />
  </clipPath>
</defs>
<g clip-path='url(#cpMjE3LjgzfDMxOC41Mnw1LjQ4fDIyLjEz)'>
<rect x='217.83' y='5.48' width='100.69' height='16.65' style='stroke-width: 2.13; fill: #FFFFFF;' />
<text x='268.17' y='16.83' text-anchor='middle' style='font-size: 8.80px;fill: #1A1A1A; font-family: "Liberation Sans";' textLength='41.05px' lengthAdjust='spacingAndGlyphs'>Ill. positive</text>
</g>
<g clip-path='url(#cpMC4wMHwzMjQuMDB8MC4wMHwyNTkuMjA=)'>
</g>
</g>
</svg>
